%YAML:1.0
---
Coeff: !!opencv-matrix
   rows: 3
   cols: 3
   dt: d
   data: [ 2.1373006935836584e+03, 0., 1.0388891414720106e+03, 0.,
       2.0842125413050803e+03, 5.3691677775917481e+02, 0., 0., 1. ]
Distort: !!opencv-matrix
   rows: 1
   cols: 5
   dt: d
   data: [ 4.4103510695100476e-02, 2.7720573296789586e+00,
       2.4778402907978587e-03, -1.0867142369264397e-02,
       -1.8344647367863143e+01 ]
